How to restrict user during upgrade of instance?

{
    "object": "list",
    "data": [
        {
            "object": "embedding",
            "index": 0,
            "embedding": [
                0.015220798,
                -0.029016916,
                0.027795764,
                -0.0331165,
                -0.016587326,
                0.03523898,
                -0.03064512,
                0.016005823,
                -0.020585148,
                -0.03174997,
                0.024016004,
                -0.027068887,
                0.01609305,
                -0.005073599,
                0.007032532,
                0.0057205195,
                0.02421953,
                -0.0063456334,
                0.024626581,
                -0.02062876,
                -0.0030456132,
                0.019116856,
                0.0093258275,
                -0.012822105,
                -0.020774135,
                -0.01868073,
                0.013592593,
                -0.028144665,
                0.009863717,
                0.0065855025,
                0.023012916,
                0.0019861904,
                -0.011295663,
                0.01821553,
                -0.0326513,
                -0.0066400184,
                0.010881344,
                -0.004408507,
                0.0072287885,
                0.017183363,
                0.014799208,
                0.008184631,
                -0.016398337,
                -0.015162647,
                0.028086515,
                0.020992197,
                -0.011680908,
                0.001668182,
                -0.03913504,
                0.015235335,
                0.009035077,
                0.012574966,
                -0.013076511,
                0.01285118,
                -0.03270945,
                0.0060330764,
                -0.003819737,
                0.0037397805,
                -0.0048882454,
                0.017357815,
                0.000559695,
                0.01514811,
                -0.018244604,
                -0.000889061,
                -0.0034672017,
                0.018811569,
                -0.021137573,
                -0.007123391,
                -0.0040923157,
                -0.02080321,
                0.045531552,
                0.021995287,
                -0.008010181,
                -0.0038851558,
                -0.005869529,
                -0.004539345,
                0.006331096,
                -0.009631116,
                -0.00029711085,
                -0.018317292,
                0.028028363,
                -0.00025077246,
                -0.018041078,
                0.017604953,
                0.024917332,
                -0.010765043,
                0.041344743,
                -0.00022351458,
                -0.0044448506,
                -0.0007614033,
                0.0080901375,
                0.011215707,
                0.022373263,
                0.03518083,
                -0.00618572,
                0.026807211,
                -0.023841554,
                0.010183542,
                0.014443039,
                0.0161512,
                -0.009202259,
                0.014464846,
                -0.036111232,
                -0.0052807587,
                -0.03398875,
                -0.032447774,
                0.0038669838,
                0.0060149045,
                0.023478117,
                -0.027170649,
                -0.029627493,
                0.023492653,
                0.0080901375,
                -0.030848645,
                0.01644195,
                0.009042346,
                0.011361082,
                -0.018302754,
                -0.009027808,
                -0.01821553,
                0.01756134,
                -0.021064885,
                0.014137751,
                -0.014435771,
                -0.007821193,
                -0.0040050903,
                -0.016630938,
                -0.020250784,
                -0.024699269,
                -0.011266588,
                0.036605507,
                0.012698535,
                0.023696179,
                0.0020334374,
                -0.018084692,
                -0.01985827,
                -0.008744326,
                -0.0028566252,
                0.0053716186,
                -0.037448686,
                0.024074156,
                0.013796119,
                0.03858261,
                0.0024223165,
                0.020556072,
                0.039745618,
                -0.0110994065,
                0.0006841727,
                -0.017764866,
                -0.013825194,
                -0.011869896,
                -0.008933314,
                0.00092676777,
                -0.029423967,
                0.00733782,
                0.021530086,
                -0.0029511193,
                0.0075304424,
                -0.0061166673,
                -0.015540623,
                0.000029387396,
                0.004837364,
                0.0134835625,
                0.013759775,
                0.00942759,
                0.029947318,
                -0.0116954455,
                -0.010387068,
                0.0043612598,
                0.007196079,
                0.004939127,
                0.0056551006,
                -0.0092749465,
                0.018128304,
                0.015017272,
                0.020497922,
                -0.0058767977,
                -0.0048591704,
                -0.015642386,
                -0.013134661,
                -0.025498834,
                -0.0027694001,
                -0.002275124,
                0.045182653,
                -0.049427614,
                0.013149199,
                0.0067490498,
                0.008315469,
                0.027025275,
                -0.015409785,
                -0.008235512,
                0.02186445,
                -0.014871896,
                0.0017626759,
                -0.63453424,
                -0.007828462,
                -0.004114122,
                -0.028420877,
                0.009144109,
                0.012785761,
                0.020556072,
                0.0074577546,
                -0.015075422,
                0.021457398,
                -0.008446307,
                0.03111032,
                -0.0025531542,
                0.0030365272,
                0.0111284815,
                -0.03977469,
                -0.006018539,
                -0.02080321,
                -0.0016754507,
                -0.0026385623,
                0.0065491586,
                0.0030456132,
                -0.0028675285,
                0.032011647,
                0.00942759,
                -0.029947318,
                -0.000013281116,
                -0.032127947,
                -0.0030074522,
                0.009660191,
                -0.0037252428,
                0.024263144,
                -0.003071054,
                -0.00070870476,
                0.053149223,
                0.0013847001,
                -0.04968929,
                -0.0034962767,
                0.0002955208,
                0.047392357,
                -0.0037942962,
                0.004106853,
                0.0434963,
                0.011470114,
                0.01078685,
                0.005524263,
                0.008206437,
                -0.00801745,
                -0.0022805755,
                0.0008590774,
                -0.0027839376,
                0.0087297885,
                0.008460844,
                0.019305844,
                0.0067054373,
                0.009565697,
                0.031488296,
                -0.006988919,
                0.0013247327,
                0.00061557366,
                -0.0066909,
                0.032796673,
                -0.008068331,
                -0.01908778,
                -0.00039410344,
                -0.015947673,
                0.0022733067,
                0.0031709995,
                -0.004633839,
                -0.013563518,
                0.024117768,
                -0.008904239,
                0.0040559717,
                -0.014174095,
                0.023696179,
                -0.00013799299,
                -0.0105179055,
                -0.0122914845,
                -0.009493009,
                0.009580234,
                -0.0016272952,
                -0.0056478316,
                -0.021399248,
                0.00878067,
                0.0056950785,
                0.007472292,
                -0.01532256,
                -0.025804121,
                -0.027388712,
                0.014777402,
                0.0049245893,
                0.027316025,
                -0.0012384161,
                -0.014035989,
                0.010387068,
                -0.0010857721,
                0.002256952,
                0.0076176673,
                0.0019680185,
                -0.0047574076,
                0.00065827766,
                0.017357815,
                -0.039338566,
                0.0030310757,
                0.05405055,
                0.005222609,
                -0.029918244,
                0.0073341853,
                0.05858626,
                -0.037157934,
                0.028333653,
                0.0092749465,
                -0.019436682,
                -0.0052080713,
                -0.003405417,
                -0.034686554,
                0.0010076328,
                0.012829373,
                -0.024830107,
                -0.025891347,
                -0.0014719253,
                0.0075304424,
                0.03869891,
                -0.0011720887,
                0.018666193,
                0.047072534,
                0.01143377,
                0.016165737,
                0.0024731979,
                -0.0003368619,
                0.015584236,
                -0.005927679,
                0.017357815,
                -0.018055616,
                0.030092694,
                0.010176273,
                -0.009173184,
                0.006545524,
                0.004608398,
                0.009950941,
                -0.0146901775,
                -0.012400516,
                -0.003527169,
                -0.040850468,
                -0.010278036,
                -0.021835376,
                -0.0012411419,
                0.01868073,
                -0.015642386,
                0.0006287483,
                0.003347267,
                -0.001137562,
                -0.0025549715,
                0.002304199,
                -0.0076176673,
                -0.007872074,
                0.022402339,
                -0.05532985,
                -0.023172827,
                -0.0059204106,
                0.017808478,
                0.019073244,
                -0.044077802,
                0.010685087,
                -0.02009087,
                -0.014137751,
                0.010656012,
                0.012327828,
                -0.0061384733,
                -0.022358727,
                -0.0044266786,
                -0.0054188655,
                -0.00077230646,
                0.019320382,
                -0.003819737,
                -0.005062696,
                -0.007748505,
                0.0073923357,
                -0.008882433,
                0.016223887,
                0.013469025,
                0.0015755051,
                -0.003783393,
                0.0014383072,
                0.022227889,
                0.033029277,
                -0.015656924,
                0.012109765,
                -0.037157934,
                0.040007293,
                0.0037397805,
                0.0165001,
                0.010714162,
                0.0057859384,
                -0.023260053,
                -0.004815558,
                0.020425234,
                0.017808478,
                0.0070507037,
                0.021108499,
                0.030906796,
                -0.0012193356,
                0.031023096,
                -0.003459933,
                0.008155556,
                -0.03855354,
                -0.0040341653,
                -0.022896614,
                0.021471936,
                0.00009000777,
                -0.012545891,
                -0.023332741,
                -0.0010276219,
                -0.020715985,
                0.010401605,
                0.01431947,
                -0.0077993865,
                0.0047174296,
                -0.007021629,
                0.013076511,
                0.019727433,
                -0.0035962223,
                0.05463205,
                0.0134762935,
                -0.004437582,
                0.01078685,
                -0.013338187,
                0.02068691,
                0.031197546,
                -0.04131567,
                -0.008926045,
                0.010997644,
                -0.009761954,
                0.008213706,
                0.039222267,
                0.032854825,
                0.029438505,
                -0.007472292,
                0.011164825,
                -0.027708538,
                -0.0033781594,
                -0.006229333,
                0.030267144,
                -0.010118123,
                0.03410505,
                -0.00051063084,
                0.0048664394,
                0.0020316204,
                -0.023972392,
                0.0033127405,
                0.00995821,
                -0.0059022387,
                -0.01750319,
                -0.010932225,
                0.024117768,
                0.018724343,
                0.023885166,
                0.013956032,
                -0.00024418512,
                0.0069053285,
                0.0093040215,
                0.02622571,
                0.009209528,
                -0.020774135,
                0.022722164,
                0.0070725097,
                -0.00040636948,
                -0.018651655,
                0.0129311355,
                0.014784671,
                -0.002057061,
                -0.0025258963,
                0.013701625,
                0.008555339,
                0.018578967,
                0.00062057097,
                -0.004542979,
                -0.0014055978,
                0.012458666,
                0.024699269,
                -0.0327676,
                -0.020323472,
                0.0320698,
                0.019262232,
                -0.0007391427,
                0.0049936427,
                0.0010367079,
                0.014326739,
                0.028231889,
                0.04538618,
                0.0072578634,
                -0.010932225,
                -0.019363994,
                0.00083681673,
                -0.024510281,
                -0.013418144,
                0.028304577,
                -0.023434503,
                -0.017052526,
                -0.013948763,
                0.010241692,
                0.013854269,
                -0.03901874,
                -0.033552628,
                0.010954032,
                0.006770856,
                -0.000029302215,
                -0.045182653,
                0.006709072,
                -0.020832285,
                0.010496099,
                -0.019756507,
                -0.015467935,
                -0.01761949,
                -0.010750506,
                0.019771045,
                -0.008504457,
                -0.019320382,
                0.028159201,
                0.01873888,
                -0.0046302043,
                -0.028479028,
                -0.0066981683,
                0.0075304424,
                0.031982575,
                0.0013220069,
                0.029511193,
                0.018070154,
                -0.02126841,
                -0.015584236,
                -0.0022078878,
                -0.019611133,
                0.010176273,
                -0.00005812174,
                -0.025804121,
                0.028653478,
                0.013636206,
                0.007944762,
                0.01891333,
                0.006436493,
                0.028362727,
                -0.018986018,
                -0.04672363,
                -0.020715985,
                0.013454487,
                -0.00042249705,
                0.01703799,
                0.02799929,
                0.018986018,
                0.022489564,
                0.02840634,
                0.00044975494,
                -0.014610221,
                0.011993465,
                -0.013628937,
                -0.0060512484,
                0.00766128,
                0.0035689643,
                0.00447756,
                0.02510632,
                -0.0061675487,
                0.028391803,
                -0.0019171372,
                0.0167327,
                0.02057061,
                0.015642386,
                0.01567146,
                -0.0010512454,
                0.0036634584,
                0.0020734158,
                -0.01426132,
                0.0222715,
                -0.005771401,
                -0.019363994,
                0.017532265,
                0.0071161226,
                -0.020076333,
                0.005705982,
                -0.00754498,
                -0.0032654933,
                0.021471936,
                -0.021355636,
                -0.018244604,
                -0.009413052,
                -0.06169729,
                -0.009260409,
                0.003736146,
                -0.014239514,
                -0.0061203013,
                0.0041940785,
                -0.010881344,
                -0.0030110865,
                -0.022082513,
                -0.0004592952,
                0.0018099229,
                -0.01902963,
                -0.043757975,
                0.014871896,
                0.0105324425,
                0.03631476,
                -0.0015482473,
                -0.0041759065,
                -0.019073244,
                -0.03567511,
                -0.016252963,
                -0.019320382,
                0.015395247,
                -0.021995287,
                -0.0027621314,
                -0.024495743,
                -0.021239337,
                0.013018361,
                0.0053171027,
                0.004706526,
                -0.007995644,
                -0.003736146,
                0.015002734,
                -0.035035454,
                0.00783573,
                -0.0007545888,
                0.017750328,
                0.025440684,
                0.0023732523,
                0.00007064333,
                -0.029380355,
                -0.007566786,
                0.010270767,
                0.0040850467,
                -0.03535528,
                0.0014028719,
                -0.004495732,
                0.01667455,
                0.003917865,
                -0.026690912,
                0.0053716186,
                -0.0029910975,
                -0.017895704,
                -0.01962567,
                0.034977306,
                -0.0004938218,
                0.037855737,
                0.025818659,
                0.0016381983,
                0.013192811,
                0.0326513,
                -0.01538071,
                0.0225041,
                0.003441761,
                -0.023449041,
                0.015758686,
                0.012400516,
                -0.022838464,
                0.008889701,
                -0.013040167,
                0.0022951132,
                0.0104815615,
                -0.0015636934,
                -0.036460135,
                -0.0331165,
                -0.021123035,
                0.015351635,
                0.0066909,
                -0.015642386,
                -0.020221708,
                -0.02121026,
                -0.0020407063,
                0.0059603886,
                -0.043990575,
                0.0058622602,
                -0.015816836,
                0.0070870477,
                -0.025542445,
                -0.00051108515,
                0.019218618,
                0.011484651,
                -0.0141014075,
                -0.038495388,
                -0.020832285,
                -0.023216441,
                -0.021733612,
                0.012516816,
                0.007864806,
                0.017968392,
                0.019262232,
                0.033639852,
                -0.021660924,
                0.014195901,
                0.0020134484,
                0.020323472,
                0.005516994,
                -0.0031909884,
                0.011462845,
                -0.017517727,
                0.027592238,
                0.025687821,
                0.01815738,
                0.042216998,
                0.010801387,
                -0.0105033675,
                0.013032898,
                -0.017357815,
                -0.025513371,
                -0.017139751,
                -0.022402339,
                0.0046701827,
                -0.015744148,
                -0.017823016,
                0.00086680043,
                -0.038408164,
                -0.0056369286,
                0.0074286796,
                0.018259142,
                0.032331474,
                0.0012711255,
                0.02493187,
                -0.010699624,
                0.01821553,
                -0.007007091,
                0.015874986,
                0.016863538,
                0.0056732725,
                0.00043726174,
                0.0068798875,
                0.033174653,
                0.0055715097,
                0.008642564,
                -0.015119035,
                -0.013752506,
                -0.0063856114,
                0.009812835,
                -0.0062329676,
                -0.0039105965,
                0.0020043624,
                -0.024030542,
                0.021384712,
                -0.029380355,
                -0.009645653,
                0.0007632205,
                0.0004738327,
                0.009507547,
                0.023536267,
                0.011644565,
                0.011150288,
                -0.0123205595,
                -0.005037255,
                -0.027301487,
                0.039454866,
                0.0123060215,
                0.008635295,
                0.027810302,
                0.010023629,
                0.0040305313,
                -0.03631476,
                0.008518995,
                -0.0073450888,
                0.031255696,
                0.010815925,
                0.00754498,
                0.014224976,
                -0.0035199001,
                0.0074214106,
                -0.0059204106,
                -0.04131567,
                0.0074868295,
                0.0050299866,
                -0.00025758691,
                -0.0056187566,
                -0.009020539,
                -0.022256963,
                -0.012574966,
                0.014057795,
                0.013221887,
                0.016020361,
                0.0014083235,
                -0.0037197913,
                0.017692178,
                -0.025411608,
                0.038495388,
                0.013265499,
                -0.015235335,
                -0.012458666,
                -0.009493009,
                0.03294205,
                -0.0037688555,
                -0.029496655,
                0.00042794863,
                0.035558805,
                -0.032273322,
                0.003023807,
                0.009529353,
                0.006407418,
                0.0009431225,
                -0.009689266,
                0.026414698,
                0.018230068,
                -0.01773579,
                -0.015584236,
                -0.0064546647,
                -0.016063973,
                -0.0033145575,
                -0.007417776,
                -0.018041078,
                -0.00076276617,
                -0.006105764,
                -0.006269311,
                0.033087425,
                -0.01962567,
                0.012807567,
                -0.012473203,
                -0.015962211,
                -0.0070906817,
                0.013323649,
                0.0055824127,
                -0.028929692,
                -0.028319115,
                -0.010118123,
                -0.009347633,
                0.017881166,
                -0.011753595,
                0.040530644,
                0.026123947,
                0.021370174,
                -0.022533176,
                0.014035989,
                0.01933492,
                0.0063638054,
                -0.018113766,
                0.018927868,
                -0.017517727,
                -0.005262587,
                0.017415965,
                -0.013992376,
                -0.008998733,
                0.0044630226,
                0.0104815615,
                -0.0001575278,
                0.009631116,
                -0.009391246,
                -0.0005937674,
                0.013628937,
                0.03259315,
                -0.016747238,
                0.0020316204,
                0.012567697,
                -0.02900238,
                0.018767955,
                -0.008991464,
                -0.0034635672,
                -0.015715074,
                -0.01732874,
                0.009638385,
                0.011891702,
                -0.032505926,
                -0.01037253,
                -0.006094861,
                0.012226066,
                0.013876076,
                -0.034453955,
                0.010576055,
                0.0017190633,
                -0.019160468,
                0.001550973,
                -0.010968569,
                -0.0043430883,
                0.026807211,
                0.0034363095,
                0.0075885924,
                0.039338566,
                -0.003990553,
                -0.017808478,
                -0.017110677,
                -0.01586045,
                -0.021064885,
                -0.018520817,
                -0.014646565,
                0.030034544,
                0.011026719,
                -0.020061797,
                -0.0016999828,
                -0.0318372,
                -0.028420877,
                0.01450119,
                -0.025789583,
                0.0007155192,
                0.013280037,
                -0.0117027145,
                -0.011411964,
                0.0077630426,
                0.0044521196,
                0.007261498,
                0.014566609,
                0.031691823,
                -0.028362727,
                -0.019116856,
                0.017750328,
                0.001445576,
                -0.027388712,
                0.012989286,
                0.008511726,
                -0.010038166,
                0.022838464,
                0.002605853,
                -0.005535166,
                -0.021646388,
                -0.008380888,
                -0.00878067,
                0.016819926,
                0.018230068,
                -0.00067872106,
                -0.043060172,
                -0.0020370719,
                0.021035811,
                0.008373619,
                0.007813924,
                0.006847178,
                0.0006778125,
                -0.019538445,
                -0.018811569,
                -0.018637117,
                -0.0017190633,
                0.012836642,
                -0.01001636,
                -0.0037397805,
                0.023579879,
                0.016471025,
                -0.013752506,
                0.0014864628,
                -0.00048428157,
                -0.004721064,
                0.029191367,
                -0.031662747,
                -0.015133572,
                0.013236424,
                -0.02416138,
                -0.006829006,
                -0.0005487919,
                -0.002673089,
                -0.017110677,
                0.0018462667,
                0.009493009,
                0.0051535554,
                -0.0051789964,
                -0.0003591225,
                -0.0067563187,
                0.0006841727,
                -0.0051789964,
                -0.013040167,
                -0.016398337,
                -0.001175723,
                -0.015613311,
                -0.0043467223,
                -0.0069816504,
                -0.0027566797,
                0.0035344379,
                -0.021849912,
                -0.014799208,
                -0.004604764,
                0.017401427,
                0.033290952,
                0.032098874,
                0.20096686,
                0.009551159,
                0.0050227176,
                0.01815738,
                -0.008002912,
                0.03410505,
                0.0327676,
                0.012204259,
                -0.008831551,
                0.019611133,
                -0.014668371,
                0.012945673,
                -0.0023641663,
                0.0017317836,
                0.015889524,
                -0.003658007,
                -0.050881367,
                -0.023681642,
                -0.0061166673,
                0.0161512,
                0.012255141,
                0.014232245,
                -0.017823016,
                -0.023347279,
                0.03977469,
                -0.022067975,
                0.008380888,
                0.042914797,
                0.01809923,
                0.018477205,
                -0.0069816504,
                -0.01597675,
                0.009972747,
                -0.006378343,
                0.0035616956,
                -0.023071066,
                0.015904061,
                -0.013171005,
                -0.0054225,
                -0.004088681,
                -0.0029129582,
                0.0062838485,
                -0.015991287,
                -0.006360171,
                -0.023463579,
                -0.00925314,
                -0.008751595,
                -0.02151555,
                0.016689088,
                0.0070361663,
                -0.029976394,
                0.018986018,
                0.029016916,
                0.008359082,
                0.0076540112,
                0.00801745,
                -0.0147119835,
                -0.006480105,
                -0.013112855,
                0.008206437,
                -0.045764156,
                0.014959122,
                -0.011411964,
                -0.0068871565,
                -0.010219886,
                0.021471936,
                -0.006134839,
                -0.000250091,
                0.0055642407,
                -0.021646388,
                -0.001654553,
                -0.006629115,
                0.010823194,
                0.020250784,
                -0.008031987,
                -0.020556072,
                0.0024095962,
                0.024408517,
                0.031430148,
                0.013214618,
                -0.0105033675,
                -0.018942406,
                -0.011520995,
                -0.0047465046,
                -0.003556244,
                -0.04721791,
                0.04073417,
                -0.02356534,
                -0.02881339,
                0.0055024563,
                0.008787938,
                -0.01809923,
                -0.015526085,
                -0.015249873,
                0.008737057,
                0.0052880277,
                0.009456665,
                0.010169004,
                -0.0019480295,
                -0.01667455,
                -0.021835376,
                0.07367622,
                0.020134484,
                0.010474293,
                -0.032680374,
                0.010932225,
                -0.020178096,
                0.014530265,
                0.0023314569,
                -0.015816836,
                -0.019305844,
                -0.016529175,
                -0.008533532,
                -0.011528264,
                -0.0028002923,
                0.011070332,
                -0.0023078334,
                -0.011063063,
                0.01738689,
                -0.022431415,
                0.03582048,
                -0.013265499,
                -0.018549893,
                -0.018404517,
                -0.0020189,
                -0.007159735,
                -0.016660012,
                -0.0137307,
                -0.03023807,
                -0.020788673,
                0.016456489,
                -0.028827928,
                -0.0043467223,
                -0.015802298,
                -0.023478117,
                -0.016703626,
                0.0218063,
                -0.050590616,
                0.0063020205,
                0.01037253,
                0.0016763593,
                0.0110994065,
                0.017226977,
                -0.010350724,
                0.011630027,
                -0.019262232,
                0.0061493767,
                -0.0010267133,
                -0.0218063,
                -0.029671105,
                -0.016543712,
                -0.0004947304,
                -0.0020552438,
                -0.014988197,
                0.0020934048,
                -0.024001468,
                -0.01991642,
                -0.021995287,
                -0.006883522,
                0.023187365,
                -0.0043976037,
                -0.0018335463,
                0.021442862,
                -0.04224607,
                -0.023056528,
                -0.0030983118,
                -0.18887164,
                0.0099073285,
                0.03518083,
                -0.023478117,
                0.002389607,
                0.0099073285,
                -0.012640385,
                -0.0006996188,
                -0.042827573,
                0.011317469,
                0.0036325662,
                -0.019000556,
                -0.029976394,
                -0.0273451,
                -0.008068331,
                0.023608955,
                0.0030183552,
                -0.008242781,
                0.033029277,
                -0.0033418154,
                0.0327676,
                -0.018230068,
                -0.0044266786,
                -0.01727059,
                -0.010328918,
                -0.022416877,
                -0.023143753,
                0.009049615,
                -0.016572788,
                -0.0049027833,
                -0.022969302,
                0.018782493,
                -0.003450847,
                0.003819737,
                0.0016836281,
                0.012872986,
                -0.013011092,
                0.0057568634,
                0.012727611,
                0.011542802,
                0.012872986,
                0.039513014,
                0.019218618,
                0.016122125,
                0.008177362,
                0.016252963,
                0.013679819,
                -0.007872074,
                0.028144665,
                -0.018317292,
                -0.012923867,
                -0.020352546,
                -0.0111066755,
                -0.019116856,
                0.0035526096,
                0.0058440883,
                0.021312024,
                -0.01549701,
                -0.0020788673,
                -0.008264587,
                0.013912419,
                -0.0004997277,
                0.024204994,
                0.005309834,
                -0.014479383,
                -0.0134980995,
                0.010808656,
                0.010081779,
                -0.013025629,
                0.012044346,
                0.0071379286,
                0.0116954455,
                -0.005404328,
                0.009122302,
                0.017183363,
                0.021835376,
                -0.010307111,
                -0.0067417813,
                -0.008817014,
                0.011506458,
                -0.0044993665,
                0.036925334,
                -0.02151555,
                0.010743237,
                -0.031575523,
                0.03666366,
                -0.012073421,
                -0.011644565,
                -0.0030546992,
                -0.009602041,
                0.019262232,
                -0.014653834,
                -0.032854825,
                -0.024132306,
                0.01007451,
                0.012785761,
                -0.0012974748,
                0.016863538,
                -0.008969658,
                -0.017067064,
                0.0117027145,
                0.012356903,
                -0.012524085,
                0.015845912,
                0.0040450688,
                -0.016427413,
                -0.016718164,
                0.02298384,
                0.027650388,
                0.0021806299,
                0.00430311,
                0.03174997,
                0.0066109435,
                -0.012037078,
                -0.00040250795,
                0.007893881,
                0.014486652,
                0.0135053685,
                -0.028290039,
                0.0004259043,
                0.002540434,
                0.0064292243,
                0.008773401,
                0.00866437,
                -0.013650743,
                -0.0056005847,
                -0.11310201,
                -0.04265312,
                0.01001636,
                -0.006672728,
                -0.02970018,
                0.0035635128,
                0.0013719797,
                0.018520817,
                -0.027592238,
                -0.0068144687,
                0.008286394,
                -0.023667105,
                -0.02275124,
                0.008802476,
                0.0060912264,
                0.010030898,
                -0.026908973,
                0.015482473,
                0.005506091,
                0.020047259,
                -0.0055315313,
                -0.015729612,
                0.02381248,
                0.0067054373,
                0.008468113,
                -0.022489564,
                -0.014304933,
                0.004750139,
                0.0048300955,
                0.0014592049,
                -0.0110994065,
                -0.025527908,
                0.012705804,
                0.017445039,
                -0.03794296,
                -0.010248961,
                -0.02269309,
                -0.0050299866,
                0.034221355,
                -0.019800121,
                0.017575877,
                -0.0016073061,
                -0.003612577,
                -0.035151754,
                0.0032582246,
                -0.025469758,
                -0.022475027,
                0.022460489,
                0.018986018,
                -0.023274591,
                -0.008715251,
                -0.0040159933,
                -0.01431947,
                -0.031255696,
                0.020672372,
                -0.0219226,
                0.023085603,
                0.021835376,
                -0.0052371463,
                0.027185187,
                0.009471203,
                0.0087297885,
                -0.02356534,
                -0.0067962967,
                -0.0020643298,
                0.03518083,
                -0.001578231,
                -0.023143753,
                -0.013556249,
                -0.011157556,
                -0.026080335,
                -0.008802476,
                -0.012029809,
                0.009740147,
                -0.021908063,
                -0.0038633496,
                -0.00031119408,
                -0.01709614,
                0.014079601,
                -0.009209528,
                -0.01420317,
                -0.013716162,
                0.0010557884,
                -0.014741058,
                0.020294396,
                0.021617312,
                -0.0093185585,
                -0.004266766,
                -0.005640563,
                -0.010307111,
                0.009158646,
                0.014602952,
                0.0006769039,
                0.0040668747,
                -0.014944584,
                0.030499745,
                -0.023405429,
                0.00330002,
                -0.0006310198,
                0.014530265,
                -0.0047755796,
                0.010132661,
                -0.06094134,
                0.025862271,
                0.012124303,
                0.016907152,
                -0.012502278,
                -0.0032255151,
                0.00686535,
                0.005073599,
                -0.019189544,
                0.012349634,
                -0.021777226,
                0.031139396,
                -0.024553893,
                0.00019478024,
                -0.009994554,
                0.0036325662,
                0.026065797,
                -0.0068399096,
                0.011869896,
                -0.0026185731,
                -0.016660012,
                -0.026298398,
                -0.0017217891,
                0.011688177,
                0.0013101952,
                0.0006005818,
                0.00085589726,
                0.03035437,
                -0.018302754,
                0.00025599689,
                0.022242425,
                -0.03407598,
                -0.01408687,
                0.028101051,
                -0.009827373,
                -0.017168827,
                -0.004761042,
                0.0025567887,
                0.03224425,
                0.011928046,
                0.020788673,
                -0.005829551,
                0.015802298,
                -0.02126841,
                0.008998733,
                0.025876809,
                -0.021951675,
                -0.014232245,
                0.0027076155,
                -0.015656924,
                0.01266946,
                0.010125392,
                -0.00350718,
                -0.00212248,
                -0.006563696,
                -0.03718701,
                -0.011659102,
                -0.006967113,
                -0.0073305513,
                -0.020904973,
                0.02817374,
                -0.026182096,
                0.020003647,
                -0.009645653,
                0.0026258419,
                0.012364172,
                -0.0052807587,
                0.019349456,
                0.020468846,
                -0.024132306,
                0.000105056395,
                -0.006134839,
                -0.0043576257,
                -0.014435771,
                0.025484296,
                0.03029622,
                -0.0060330764,
                0.006389246,
                -0.03047067,
                0.029554805,
                0.02275124,
                -0.025324384,
                -0.029947318,
                0.007043435,
                0.01397057,
                -0.0033672561,
                0.01597675,
                -0.0034962767,
                -0.0110776005,
                0.002834819,
                -0.021050349,
                0.006941672,
                0.012785761,
                -0.024568431,
                -0.0042994753,
                0.007915687,
                -0.005651466,
                -0.005487919,
                -0.0032927513,
                -0.010525174,
                0.0024223165,
                -0.00070643326,
                -0.0027457767,
                -0.008715251,
                -0.013425412,
                0.022416877,
                0.012393247,
                -0.0321861,
                0.008853357,
                0.026211172,
                -0.006352902,
                0.027272413,
                0.005945851,
                0.024001468,
                -0.017997466,
                0.0042813034,
                0.008744326,
                -0.030034544,
                -0.015002734,
                0.007417776,
                -0.0025858637,
                -0.017779402,
                -0.01019808,
                -0.015904061,
                0.023594417,
                -0.018375441,
                0.016761776,
                -0.01908778,
                0.004408507,
                0.00039592062,
                -0.0034726532,
                -0.011680908,
                -0.018767955,
                -0.029249517,
                0.0017654017,
                -0.008344544,
                -0.019262232,
                -0.0070179943,
                -0.013679819,
                0.07815378,
                0.019523907,
                -0.027766688,
                -0.0035980395,
                -0.006418321,
                -0.0017290579,
                0.014915509,
                0.00057286967,
                -0.0062838485,
                0.0019825562,
                0.03814649,
                -0.00046338388,
                -0.01025623,
                -0.0076467423,
                0.0071742726,
                -0.0036798131,
                -0.033290952,
                0.01715429,
                -0.0099000605,
                0.012785761,
                0.014275857,
                0.013272768,
                0.009972747,
                -0.0044230446,
                -0.029409429,
                -0.010183542,
                0.006560062,
                0.0075595174,
                -0.020294396,
                -0.003639835,
                0.004837364,
                0.0067635872,
                0.005535166,
                -0.021282949,
                0.00024781952,
                0.014973659,
                -0.027606776,
                0.012545891,
                0.0025749605,
                -0.02009087,
                0.01143377,
                0.02421953,
                -0.033174653,
                -0.013243693,
                -0.006331096,
                -0.004001456,
                0.0035526096,
                -0.0062729456,
                0.0099000605
            ]
        }
    ],
    "model": "text-embedding-ada-002-v2",
    "usage": {
        "prompt_tokens": 9,
        "total_tokens": 9
    }
}